"Country.Name" "Country.Code" "Indicator.Name" "Indicator.Code" "X1960" "X1961" "X1962" "X1963" "X1964" "X1965" "X1966" "X1967" "X1968" "X1969" "X1970" "X1971" "X1972" "X1973" "X1974" "X1975" "X1976" "X1977" "X1978" "X1979" "X1980" "X1981" "X1982" "X1983" "X1984" "X1985" "X1986" "X1987" "X1988" "X1989" "X1990" "X1991" "X1992" "X1993" "X1994" "X1995" "X1996" "X1997" "X1998" "X1999" "X2000" "X2001" "X2002" "X2003" "X2004" "X2005" "X2006" "X2007" "X2008" "X2009" "X2010" "X2011" "X2012" "X2013" "X2014" "lon" "lat"
"5" "Algeria" "DZA" "Mortality rate, under-5 (per 1,000 live births)" "SH.DYN.MORT" 246.3 246.1 246.2 246.8 247.4 248.2 248.7 248.4 247.4 245.3 241.7 236.5 230 222.5 214.2 205 195.2 184.9 173.8 161.8 148.1 132.5 115.8 99.2 83.8 71.2 61.9 55.4 51.2 48.5 46.8 45.7 44.9 44.1 43.3 42.5 41.8 41.1 40.6 40.2 39.7 38.9 37.8 36.5 35.1 33.6 32.1 30.7 29.4 28.3 27.3 26.6 26.1 25.8 25.6 3 28
"12" "Arab World" "ARB" "Mortality rate, under-5 (per 1,000 live births)" "SH.DYN.MORT" 249.360224832484 241.992944469006 236.496535640826 241.306520908955 234.44305053805 227.924418709682 221.76962219444 215.887251303358 210.2638131677 204.77379333988 199.61662758999 194.401503635054 187.518826469088 181.552014516252 175.275756047899 167.92520346262 160.97460296207 153.792954425507 146.537856651547 139.277065073788 131.947507611378 124.517741809644 117.056233425729 112.787457177768 105.956546632827 99.7288805797079 94.3689705110271 89.8037236937127 85.9693348327178 82.7749127621882 80.0094546516321 77.5996999238254 75.3419055836158 73.2855564659743 71.2795103399551 69.3767145967398 67.5093998364135 65.7453542744067 63.9459779238283 62.1908383555163 60.4129886142128 58.6279292660645 56.8526389354576 55.0878217295702 53.3442113468608 51.6420745414292 49.9084533082219 48.1750886248976 46.389048974492 44.672467738387 42.9943054790763 41.5158481179613 40.196742093535 38.9643397866078 37.7893204701455 NA NA
"21" "Australia" "AUS" "Mortality rate, under-5 (per 1,000 live births)" "SH.DYN.MORT" 24.9 24.3 23.7 23.2 22.7 22.4 22.1 22 21.9 21.7 21.4 20.9 20.2 19.3 18.4 17.3 16.2 15.3 14.4 13.6 13 12.6 12.2 11.9 11.6 11.3 11 10.6 10.2 9.7 9.2 8.6 8.1 7.7 7.3 7 6.8 6.6 6.5 6.4 6.2 6.1 6 6 5.9 5.7 5.6 5.4 5.2 5 4.8 4.5 4.3 4.1 3.9 135 -25
"24" "Austria" "AUT" "Mortality rate, under-5 (per 1,000 live births)" "SH.DYN.MORT" 42.8 40.3 37.9 35.9 34.2 32.8 31.5 30.5 29.8 29.4 29.1 28.7 28 26.8 25.1 23.1 21.1 19.4 18.1 17.1 16.3 15.5 14.7 14 13.3 12.6 11.9 11.1 10.5 10 9.5 9 8.5 8 7.4 6.8 6.4 6.1 5.8 5.6 5.5 5.4 5.3 5.2 5 4.9 4.8 4.7 4.6 4.5 4.4 4.2 4 3.9 3.7 13.33333 47.33333
"31" "Bahrain" "BHR" "Mortality rate, under-5 (per 1,000 live births)" "SH.DYN.MORT" 200 183.1 167.2 152.6 138.9 126.3 114.7 104 94.1 85 76.8 69.3 62.7 56.9 51.8 47.4 43.6 40.2 37.2 34.6 32.3 30.3 28.6 27.2 25.9 24.9 24.2 23.6 23.3 23.2 23 22.7 22 21 19.6 18.1 16.6 15.2 14.1 13.2 12.6 12.1 11.8 11.5 11.2 10.9 10.5 10 9.4 8.8 8.3 7.8 7.3 6.9 6.5 50.5 26
"34" "Bangladesh" "BGD" "Mortality rate, under-5 (per 1,000 live births)" "SH.DYN.MORT" 264.3 257.5 251.3 245.6 240.4 236 232.3 229.4 227.1 225.4 224.1 223 222 220.7 219.1 217.1 214.5 211.2 207.4 203.3 198.9 194.2 189.4 184.4 179.1 173.5 167.7 161.8 155.8 149.7 143.7 137.7 131.7 125.8 119.9 114.2 108.6 103.2 97.9 92.8 88 83.5 79 74.8 70.7 66.8 63 59.4 55.9 52.6 49.6 46.7 44 41.6 39.5 90 24
"37" "Barbados" "BRB" "Mortality rate, under-5 (per 1,000 live births)" "SH.DYN.MORT" 83.6 78 73.2 68.7 64.7 61.3 58.2 55.5 53 50.5 48.1 45.8 43.4 41.1 38.9 36.7 34.6 32.6 30.6 28.9 27.2 25.8 24.6 23.6 22.8 22 21.2 20.4 19.5 18.7 17.9 17.2 16.6 16.1 15.7 15.5 15.4 15.5 15.7 16 16.3 16.6 16.8 16.8 16.7 16.5 16.2 15.8 15.4 15.1 14.7 14.4 14.1 13.7 13.3 -59.53333 13.16667
"42" "Belgium" "BEL" "Mortality rate, under-5 (per 1,000 live births)" "SH.DYN.MORT" 33.9 32.4 31.1 30 28.9 27.9 27 26.2 25.5 24.8 23.9 23 21.9 20.8 19.6 18.6 17.6 16.7 15.9 15.2 14.5 13.9 13.3 12.7 12.2 11.8 11.4 11 10.7 10.3 10 9.6 9.2 8.7 8.2 7.6 7.1 6.7 6.3 6 5.8 5.6 5.4 5.2 5.1 5 4.9 4.8 4.7 4.6 4.5 4.4 4.3 4.3 4.2 4 50.83333
"47" "Benin" "BEN" "Mortality rate, under-5 (per 1,000 live births)" "SH.DYN.MORT" 314 309.2 303.9 298.2 292.5 286.9 281.4 276.9 272.8 269 265.5 261.8 257.8 253.4 248.3 242.7 237 231.3 226.1 221.5 217.4 213.7 210.2 206.8 203.3 199.7 196.1 192.2 188.1 183.9 179.5 175 170.4 166.2 162.4 159.1 156.2 153.6 150.9 147.9 144.7 141.1 137.1 133.1 129.2 125.5 122.1 119 116.3 113.9 111.6 109.3 107 104.8 102.1 2.25 9.5
"52" "Bolivia" "BOL" "Mortality rate, under-5 (per 1,000 live births)" "SH.DYN.MORT" 287.1 281.4 276.1 270.8 265.4 260.1 254.5 248.8 243 237.1 231.3 225.3 219.1 212.8 206.4 200.1 193.9 187.9 182.1 176.6 171.6 166.8 162.3 157.8 153.2 148.5 143.8 138.9 134 129.2 124.4 119.7 115.2 110.7 106.2 101.8 97.5 93.1 88.7 84.4 80.2 76.2 72.2 68.5 64.8 61.4 58.1 54.9 52 49.3 47 44.9 43.1 41.3 39.8 -65 -17
"57" "Botswana" "BWA" "Mortality rate, under-5 (per 1,000 live births)" "SH.DYN.MORT" 169.6 164.1 158.9 153.7 148.8 144 139.5 134.9 130.3 125.7 121 116.2 111.2 106.2 101.2 96.1 91.1 86.2 81.6 77.1 72.9 69.1 65.6 62.3 59.5 57.1 55.1 53.7 53 53.1 54.2 56.4 59.1 62.4 66.1 69.9 73.5 76.5 79 82 82.9 81.6 79.8 78.1 75.8 69 63.4 62.6 61.7 57.3 53.5 51.8 49.5 46.6 44.8 24 -22
"60" "Brazil" "BRA" "Mortality rate, under-5 (per 1,000 live births)" "SH.DYN.MORT" 171.9 167.2 162.7 158.4 154.5 150.7 147.2 143.9 140.5 137 133.5 129.8 126.1 122.5 118.9 115.3 111.7 107.9 104 99.7 95.3 90.8 86.5 82.4 78.6 75.1 71.9 68.8 66 63.4 60.8 58.2 55.4 52.5 49.4 46.3 43.2 40.2 37.2 34.5 32 29.6 27.4 25.4 23.6 21.9 20.4 19.2 18.1 17.2 16.6 16.2 16 16 16.2 -55 -10
"67" "Burkina Faso" "BFA" "Mortality rate, under-5 (per 1,000 live births)" "SH.DYN.MORT" 347.6 343.1 338.7 334.5 331 328 325.2 322.9 321.4 320.1 319.1 317.3 313.9 307.9 299.2 288.5 277 265.7 255.8 247.8 241.2 236.1 231.8 227.8 223.7 219.2 214.4 209.6 205.8 203.4 202.2 201.8 202.1 202 201.1 199.4 197 194 191.3 188.5 185.7 182.4 178.3 173.1 166.3 158.3 149.4 139.9 130.4 121.4 113.5 106.9 101.4 96.6 92.4 -2 13
"76" "Cameroon" "CMR" "Mortality rate, under-5 (per 1,000 live births)" "SH.DYN.MORT" 281.6 275.7 271.1 267.2 262.8 257.3 250.4 242 232.3 222.5 213 204.7 198.4 194.3 192 191.1 190.9 190.4 188.7 185.8 181.6 176.3 170.1 163.4 156.6 150.2 144.7 140.7 138.1 137.2 138 140 142.8 146 149 151.8 154 155.3 155.3 153.8 150.4 145.7 140.2 134.7 129.6 125.1 120.7 116.6 112.8 109 104.8 101 97.4 93.9 90.6 12 6
"79" "Canada" "CAN" "Mortality rate, under-5 (per 1,000 live births)" "SH.DYN.MORT" 32.6 31.6 30.5 29.4 28.2 27.1 26 25 23.9 23 22 21 19.9 19 18 17 16 15.1 14.2 13.3 12.5 11.8 11.2 10.6 10.1 9.7 9.4 9.1 8.8 8.6 8.3 8 7.7 7.4 7.2 6.9 6.7 6.5 6.4 6.3 6.2 6.2 6.2 6.1 6.1 6.1 6 5.9 5.8 5.7 5.6 5.4 5.3 5.2 5 -113.64258 60.10867
"82" "Caribbean small states" "CSS" "Mortality rate, under-5 (per 1,000 live births)" "SH.DYN.MORT" 81.9905961998395 78.4973703866263 75.3803154424532 72.6115580805767 70.1812569406683 67.9779950798559 66.0386197226982 65.8914633219886 63.0544882381824 61.892165171396 60.8142216564518 59.1647682710089 57.5684003152088 56.0270017919457 54.5888869505804 53.1888829961132 51.7920149367144 50.3962131716394 48.9850534162198 47.6866796954636 46.3851188160089 45.1042247317822 43.8674950067033 43.6744309434442 42.2564728834862 41.1846854674701 40.1063538742592 39.0455760148649 38.0137212149784 36.9949305569407 35.8934699480998 34.8231182211107 33.8241126341046 32.8288233154751 31.8762427294652 30.9566064608014 30.0760684321879 29.2779279712773 28.4683663117076 27.7559981684982 27.0950086005176 26.4814202495224 25.9195468595647 25.358094078958 24.8312637371583 24.3340494850437 23.8942265282355 23.39531369358 22.9171594671916 22.4370457533856 21.9691194149048 21.4760634663563 21.0381941859285 20.5366636689122 20.0440315842317 NA NA
"85" "Central African Republic" "CAF" "Mortality rate, under-5 (per 1,000 live births)" "SH.DYN.MORT" 283.7 278.1 272.6 266.5 260.4 253.9 247.1 240.7 234.2 228.2 222.5 217.1 212.1 207.5 203.3 199.3 195.7 192.3 189 186.1 183.5 181.5 180 178.9 178.2 177.8 177.4 177.2 177 176.8 176.5 176.2 176 176.1 176.4 176.7 177 176.9 176.5 175.7 174.8 173.5 171.9 170.3 168.4 166.2 163.9 161.3 158.2 154.2 150.2 146.2 142.1 138.5 134 21 7
"94" "Chile" "CHL" "Mortality rate, under-5 (per 1,000 live births)" "SH.DYN.MORT" 157.3 148.5 142.3 135.8 126.8 115.9 104.5 94.1 86.2 81.7 79.6 78.4 77 74.6 70.6 64.7 57.1 48.8 41.7 36.8 33.2 30.1 27 24.6 23.1 22.4 22.1 21.9 21.4 20.4 19.1 17.7 16.4 15.1 14 13.1 12.5 12.2 12 11.5 10.9 10.3 9.8 9.5 9.3 9.1 9 8.9 8.9 8.8 8.8 8.7 8.6 8.4 8.3 -71 -30
"99" "Colombia" "COL" "Mortality rate, under-5 (per 1,000 live births)" "SH.DYN.MORT" 127.3 124.6 122 119.4 116.7 114 111.1 108 104.6 101.1 97.6 94 90.4 86.7 82.8 78.7 74.3 69.9 65.5 61.3 57.4 53.7 50.3 47.3 44.6 42.3 40.3 38.7 37.4 36.2 35.1 34.1 33.1 32.1 31 30 28.9 27.9 26.9 26 25.1 24.3 23.6 22.9 22.2 21.5 20.9 20.3 19.7 19.1 18.5 18 17.4 16.9 16.4 -72 4
"106" "Congo, Rep." "COG" "Mortality rate, under-5 (per 1,000 live births)" "SH.DYN.MORT" 184.4 180.2 176 172.3 168.3 163.9 159.4 155 150.9 147 143.1 139.5 135.7 132.2 129.3 126.3 123.3 120.5 117.7 114.7 111.9 109.1 106.2 103.2 100.2 97.5 95.3 93.7 92.8 92.8 93.6 95.2 97.4 100.2 103.8 107.7 111.9 116 119.3 121.4 121.6 119.7 115.6 109.8 102.9 95.3 87.4 79.9 72.6 66.1 60.6 56.1 52.6 49.6 47.1 103.86056 13.36179
"111" "Cote d'Ivoire" "CIV" "Mortality rate, under-5 (per 1,000 live births)" "SH.DYN.MORT" 311.2 303.4 295.7 288.6 281.4 274.6 267.9 261.2 254.8 248.1 241.4 234.4 226.8 218.6 210 201.1 192.5 184.5 177.4 171.4 166.6 162.8 159.7 157.3 155.5 154.2 153.3 152.8 152.5 152.5 152.6 152.7 152.7 152.8 152.9 152.7 152.2 151.3 149.8 147.9 145.6 142.8 139.7 136.3 132.7 128.8 125.1 121.1 116.5 112.7 109.1 105.9 102.5 99 95.5 -5 8
"124" "Denmark" "DNK" "Mortality rate, under-5 (per 1,000 live births)" "SH.DYN.MORT" 25 24.5 23.8 23 22.1 21.1 20.1 19.1 18.1 17.4 16.6 15.8 14.9 13.9 13.1 12.3 11.6 11.1 10.6 10.3 10 9.7 9.6 9.6 9.6 9.7 9.7 9.7 9.6 9.3 8.9 8.4 7.9 7.4 6.9 6.5 6.2 6 5.8 5.7 5.6 5.5 5.4 5.3 5.1 4.9 4.7 4.5 4.3 4.2 4 3.9 3.8 3.7 3.6 10 56
"129" "Dominica" "DMA" "Mortality rate, under-5 (per 1,000 live births)" "SH.DYN.MORT" 139 127.2 116.5 107.2 98.9 91.8 85.5 79.9 74.7 69.5 63.9 57.9 51.7 45.5 39.7 34.5 30.1 26.5 23.6 21.4 19.8 18.6 17.9 17.4 17.2 17 17 17 17 17.1 17.1 17.1 17 16.9 16.7 16.5 16.3 16 15.8 15.5 15.3 15.2 15.1 15.1 15.3 15.6 16 16.5 17.1 17.9 18.8 19.6 20.4 21 21.2 -61.33333 15.5
"130" "Dominican Republic" "DOM" "Mortality rate, under-5 (per 1,000 live births)" "SH.DYN.MORT" 147.8 145.9 143.7 141.3 138.6 135.8 132.9 130.1 127.3 124.5 121.6 118.5 115.2 111.7 108.2 104.5 100.9 97.4 94 90.7 87.5 84.3 81.3 78.3 75.5 72.7 70.1 67.5 65 62.6 60.2 57.9 55.6 53.4 51.2 49.2 47.3 45.5 43.9 42.5 41.3 40.1 39.1 38.3 37.5 36.8 36.1 35.5 34.9 34.3 33.8 33.3 32.7 32.2 31.5 -70.66667 19
"137" "Ecuador" "ECU" "Mortality rate, under-5 (per 1,000 live births)" "SH.DYN.MORT" 179.2 174.1 169.2 164.3 159.9 155.6 151.8 148.2 144.9 141.4 138 134.3 130.3 126 121.3 116.6 111.8 107.2 102.6 98.3 93.9 89.5 85 80.7 76.6 72.7 69.1 65.7 62.6 59.7 56.9 54.1 51.5 48.8 46.3 43.9 41.6 39.6 37.7 35.9 34.4 33.1 31.9 30.9 30 29.1 28.3 27.5 26.8 26 25.2 24.5 23.7 23 22.3 -77.5 -2
"140" "Egypt, Arab Rep." "EGY" "Mortality rate, under-5 (per 1,000 live births)" "SH.DYN.MORT" 312.8 302.9 293.1 283.5 274.8 266.9 260.3 254.8 250.2 246.4 242.9 239.4 235.2 229.7 222.9 214.7 205.7 196.2 186.6 177 167.6 158.1 148.4 138.5 128.5 118.8 110.1 102.5 96 90.6 85.9 81.7 77.5 73.3 68.9 64.6 60.4 56.5 52.8 49.5 46.5 43.8 41.4 39.2 37.3 35.6 34.1 32.7 31.4 30.2 29 27.9 26.8 25.8 24.8 103.86056 13.36179
"143" "El Salvador" "SLV" "Mortality rate, under-5 (per 1,000 live births)" "SH.DYN.MORT" 186.9 183.3 179.6 176 172.7 169.5 166.4 163.5 160.7 158 155.1 152.1 148.9 145.5 141.7 137.4 132.7 127.8 122.4 116.7 110.7 104.5 98.2 92 86 80.4 75.2 70.6 66.5 62.8 59.4 56.3 53.2 50.3 47.4 44.5 41.7 39.1 36.6 34.4 32.4 30.6 29 27.5 26.1 24.8 23.6 22.6 21.6 20.8 20 19.3 18.6 18 17.4 -88.91667 13.83333
"154" "Euro area" "EMU" "Mortality rate, under-5 (per 1,000 live births)" "SH.DYN.MORT" 46.7028463236882 44.3695451146768 42.0996484402425 39.9493640273831 37.9038260475073 36.0867612000301 34.4964999242222 33.0263027133198 30.515692300432 29.2430576915989 27.8903655329566 26.4480301438436 24.9771054180979 23.6339328552598 22.492928103019 21.483926161184 20.399388787355 19.2237275711418 17.9865906973241 16.917354160596 15.9642083267424 15.3119062347514 14.4748698990758 13.7681691938616 13.075202241301 12.4217325694783 11.848530363997 11.3400533003019 10.8661189558332 10.4177058534414 10.0037859943722 9.55677757778201 9.12894714603509 8.64437652387465 8.1023173792921 7.60341378659856 7.1513817186608 6.78034118074536 6.48579317788497 6.23845687576448 6.02209841109444 5.80455011652767 5.60812152496031 5.40100392356819 5.20465536605657 5.03020186103356 4.88037637900151 4.7223300251749 4.58394777967518 4.49183011485773 4.38166872727023 4.29374831585029 4.21024506987392 4.15279138243514 4.06872505730271 NA NA
"157" "European Union" "EUU" "Mortality rate, under-5 (per 1,000 live births)" "SH.DYN.MORT" 45.0451178761112 42.5089748619964 40.2805717824973 38.428608120247 36.4958133276644 34.7222433575252 33.1999762913714 31.8957199734935 32.6643701413636 31.5455992929857 30.2943993096033 28.945632018359 27.5768299394942 26.2855103215039 25.1655520761091 24.1823113812135 23.1438999728711 22.0255611605905 20.8440012088746 19.7550946184056 18.7841777228043 18.0380760902743 17.2129581261503 16.5268001518134 15.8912395736159 15.3094572887719 14.7756150344568 14.2762719518431 13.7665875767529 13.2184342592357 12.6323211981488 12.0181876156375 11.4292212928594 10.8373866216977 10.2109314444146 9.62356395443458 9.07394327279886 8.60366534721608 8.19128406843905 7.84443690623037 7.54077370355777 7.24228940208644 6.98429507086828 6.73226563715911 6.45878592741937 6.21543479789837 5.97591583742373 5.7367209658373 5.50763980408704 5.3046863388111 5.11162401363088 4.94857353468542 4.80080572554242 4.68704563262007 4.56155265909081 4.37599 50.83857
"164" "Fiji" "FJI" "Mortality rate, under-5 (per 1,000 live births)" "SH.DYN.MORT" 71.8 68.7 66 63.8 61.7 60 58.5 57.3 56.4 55.8 55.3 54.9 54.6 54.2 53.6 52.8 51.6 50 48.2 46.1 44 42 40 38.3 36.8 35.4 34.1 33 31.8 30.8 29.8 28.8 28 27.2 26.6 26.2 25.8 25.4 25.1 24.8 24.5 24.2 23.9 23.7 23.7 23.7 23.8 23.9 24 24 23.9 23.7 23.5 23.2 22.9 178 -18
"167" "Finland" "FIN" "Mortality rate, under-5 (per 1,000 live births)" "SH.DYN.MORT" 26.8 25.2 23.8 22.5 21.3 20.2 19.3 18.4 17.6 16.9 16.1 15.4 14.6 13.8 13.1 12.2 11.4 10.6 9.9 9.2 8.7 8.2 7.9 7.6 7.4 7.3 7.3 7.2 7.1 6.9 6.7 6.4 6.1 5.8 5.5 5.2 4.9 4.7 4.6 4.4 4.3 4.2 4.1 4 3.9 3.8 3.6 3.5 3.3 3.2 3 2.9 2.7 2.6 2.4 26 64
"172" "France" "FRA" "Mortality rate, under-5 (per 1,000 live births)" "SH.DYN.MORT" 28.5 27 25.7 24.5 23.4 22.3 21.4 20.6 19.9 19.1 18.2 17.4 16.6 15.9 15.4 15 14.5 13.9 13.3 12.8 12.4 11.9 11.5 11.1 10.7 10.3 10 9.8 9.6 9.3 9 8.6 8.1 7.6 7 6.5 6.1 5.8 5.6 5.5 5.4 5.3 5.1 4.9 4.7 4.6 4.5 4.4 4.3 4.3 4.3 4.3 4.3 4.4 4.4 2 46
"179" "Gambia, The" "GMB" "Mortality rate, under-5 (per 1,000 live births)" "SH.DYN.MORT" 362.4 356.3 350.3 344.1 338.3 332.4 326.5 320.5 314.6 308.8 302.6 296.4 290 283.5 276.9 270.4 263.9 257.5 251.2 244.9 238.5 231.9 225.3 218.3 211.2 204 196.8 189.9 183.1 176.6 170.2 164.2 158.5 152.9 147.5 142.4 137.4 132.5 127.9 123.2 118.8 114.5 110.2 106 101.9 97.9 94.2 90.6 87.4 84.3 81.4 78.6 76.1 73.6 71.1 -42.80194 -5.08917
"186" "Ghana" "GHA" "Mortality rate, under-5 (per 1,000 live births)" "SH.DYN.MORT" 210.9 208.6 206.7 205 203.8 203.1 202.9 202.7 202.8 202.5 201.9 200.7 198.5 195.3 191 185.9 180.7 175.8 171.6 168.4 166.2 164.6 163.1 161.3 158.5 154.6 149.7 144.1 138.2 132.6 127.4 123.1 119.7 117.1 115.1 113.4 111.6 109.5 106.9 104 100.7 97.3 94.2 91.3 88.7 86.5 84.4 82.2 79.9 77.4 74.7 71.9 69.2 66.5 64 -1.2 8.1
"189" "Greece" "GRC" "Mortality rate, under-5 (per 1,000 live births)" "SH.DYN.MORT" 55.8 54.4 52.8 51 49.3 47.8 46.3 44.6 42.4 40 37.6 35.6 34.1 33.1 32.4 31.4 30.1 28.5 26.9 25.1 23.5 21.9 20.6 19.5 18.5 17.4 16.4 15.3 14.3 13.3 12.6 11.9 11.4 10.9 10.5 10.1 9.7 9.3 8.8 8.3 7.8 7.3 6.8 6.3 5.9 5.5 5.2 5 4.8 4.8 4.7 4.7 4.7 4.7 4.6 22 39
"196" "Guatemala" "GTM" "Mortality rate, under-5 (per 1,000 live births)" "SH.DYN.MORT" 218.5 214.1 209.9 205.7 201.5 197.1 192.8 188.3 183.8 179 174.1 169 164 159 154 149 144.1 139.2 134.4 129.6 124.8 120.1 115.5 110.9 106.5 102 97.6 93.3 89 84.9 80.9 77 73.3 69.7 66.4 63.3 60.4 57.7 55.1 52.8 50.6 48.6 46.6 44.8 43.1 41.4 39.9 38.4 36.9 35.7 34.5 33.3 32.1 31.1 30.1 -90.25 15.5
"203" "Guyana" "GUY" "Mortality rate, under-5 (per 1,000 live births)" "SH.DYN.MORT" 93.3 89.2 85.7 82.8 80.4 78.5 77 75.9 74.9 74.3 73.9 73.6 73.4 73.2 73 72.7 72.4 72 71.5 71 70.4 69.8 69.2 68.5 67.7 66.8 65.8 64.7 63.3 61.9 60.4 58.8 57.2 55.6 54.1 52.7 51.4 50.2 49 47.8 46.7 45.6 44.8 44 43.4 42.8 42.4 42.1 41.9 41.7 41.5 41.4 41.2 40.8 40.2 -59 5
"206" "Haiti" "HTI" "Mortality rate, under-5 (per 1,000 live births)" "SH.DYN.MORT" 291.4 286.6 281.9 277.3 273 268.5 263.9 259.2 254.6 249.9 245.1 240.1 234.8 229.4 224 218.4 213 207.5 202.2 196.9 191.9 186.9 181.9 177 172.2 167.6 163 158.5 154.2 150 145.8 141.7 137.6 133.3 129.1 124.9 120.7 116.5 112.4 108.5 104.8 101.3 98.1 95.1 92.4 90 87.7 85.5 83.3 81.2 208.8 77.2 75.2 73.1 71 -72.41667 19
"211" "High income" "HIC" "Mortality rate, under-5 (per 1,000 live births)" "SH.DYN.MORT" 45.7 43.4 41.6 40.5 38.8 37.1 35.4 33.9 32 32.2 32.4 31 31.8 30.3 29 27.9 26.7 25.6 24.6 23.6 22.6 21.6 20.7 20 19.2 18.5 17.9 17.3 16.8 16.2 15.6 14.9 14.2 13.5 12.8 12.2 11.6 11.3 11.1 11.1 10.7 10.4 10.1 9.7 9.4 9 8.7 8.4 8.2 7.9 7.7 7.6 7.4 7.2 7 NA NA
"216" "High income: OECD" "OEC" "Mortality rate, under-5 (per 1,000 live births)" "SH.DYN.MORT" 46.2083843164857 43.912899200635 41.8319798960088 39.8307339898318 37.8520578109631 35.9187480285938 34.060405198949 32.359675933086 30.4533170055816 29.0190451861167 27.6121157832413 26.159608925197 24.7268297217274 23.318355424452 22.0484329174469 20.7902341862193 19.523795408177 18.3063113276881 17.1360727190482 16.1261315845454 15.2850487775325 14.641593234679 13.9525238479144 13.338921916137 12.8006501315616 12.3310421919981 11.897967244284 11.5295053667274 11.1445286880339 10.7536195779909 10.3248068301867 9.91166570342282 9.47456271297469 9.04081720371307 8.63440384185913 8.2400934358986 7.87587764762939 7.55500300086123 7.32559350973182 7.14663596466827 6.95794064519984 6.80461951229051 6.65930157693328 6.52341852831305 6.40402527107873 6.25454248650438 6.1176410329272 5.97531728011558 5.83911649794522 5.67455085062885 5.5474782958972 5.41770998188969 5.27937551350858 5.14725190925156 5.00949480977937 NA NA
"219" "Honduras" "HND" "Mortality rate, under-5 (per 1,000 live births)" "SH.DYN.MORT" 210.2 203.4 196.8 190.3 184.2 177.8 171.6 165.6 159.6 153.7 147.9 142.2 136.6 131.2 125.7 120.5 115.3 110.3 105.3 100.4 95.7 91.1 86.7 82.5 78.4 74.6 70.9 67.4 64.2 61.1 58.2 55.5 52.9 50.6 48.4 46.4 44.4 42.6 60 39.1 37.4 35.8 34.2 32.7 31.3 30 28.8 27.6 26.5 25.4 24.4 23.5 22.6 21.8 21.1 -86.5 15
"224" "Hungary" "HUN" "Mortality rate, under-5 (per 1,000 live births)" "SH.DYN.MORT" 58.9 56.1 54.4 52.7 50.8 48.9 47.4 46.2 45 43.7 42.7 42.3 42.2 42 41.2 39.2 35.9 32.3 29.4 27.5 26.2 25.1 24.2 23.9 24.1 24 23 21.5 20.2 19.6 19.1 18.3 17.2 15.9 14.7 13.8 13.1 12.6 12.2 11.7 11.2 10.5 9.8 9.2 8.7 8.3 7.9 7.5 7.2 6.8 6.6 6.4 6.3 6.2 6.1 20 47
"227" "Iceland" "ISL" "Mortality rate, under-5 (per 1,000 live births)" "SH.DYN.MORT" 21.4 21.1 20.7 20.2 19.7 19.1 18.5 17.8 17.1 16.5 15.8 15.2 14.6 14 13.4 12.8 12.2 11.5 10.9 10.3 9.8 9.2 8.8 8.4 8 7.7 7.4 7.1 6.9 6.6 6.4 6.2 5.9 5.7 5.5 5.2 5 4.7 4.5 4.2 4 3.8 3.6 3.4 3.3 3.1 2.9 2.8 2.7 2.5 2.4 2.3 2.2 2.1 2.1 -18 65
"230" "India" "IND" "Mortality rate, under-5 (per 1,000 live births)" "SH.DYN.MORT" 247.7 243.7 240 236.3 232.9 229.6 226.3 223.1 219.8 216.6 213.3 209.9 206.1 202.2 197.9 193.4 188.6 183.4 178.2 172.8 167.6 162.6 157.9 153.5 149.2 145.2 141.2 137.3 133.4 129.5 125.8 122.2 118.8 115.4 112.1 108.7 105.3 101.9 98.3 94.8 91.2 87.7 84.3 81 77.7 74.6 71.5 68.5 65.6 62.7 59.9 57.2 54.5 52.1 49.8 77 20
"233" "Indonesia" "IDN" "Mortality rate, under-5 (per 1,000 live births)" "SH.DYN.MORT" 222.4 216.5 210.7 205.1 199.5 193.9 188.2 182.5 176.8 171.1 165.6 160.3 155.1 150.1 145.3 140.8 136.5 132.4 128.5 124.8 121.1 117.5 113.9 110.3 106.7 103.1 99.5 95.9 92.2 88.4 84.7 80.9 77.1 73.6 70.1 66.7 63.6 60.5 57.6 54.9 52.3 49.8 47.6 45.4 49.3 41.4 39.6 37.9 36.2 34.7 33.1 31.7 30.4 29.3 28.2 120 -5
"238" "Iraq" "IRQ" "Mortality rate, under-5 (per 1,000 live births)" "SH.DYN.MORT" 195.7 184.5 174.2 164.6 155.8 147.7 140.1 133.2 126.7 120.6 115 109.7 104.7 99.8 95.2 90.8 86.8 83 79.5 76.3 73.3 70.6 68 65.7 63.6 61.6 59.7 58.1 56.6 55.3 54.1 53 51.9 51 50 49.1 48.2 47.4 46.5 45.6 44.7 43.8 43 42.3 41.5 40.7 39.9 39.1 38.3 37.5 36.6 35.7 34.8 33.9 32.9 44 33
"241" "Ireland" "IRL" "Mortality rate, under-5 (per 1,000 live births)" "SH.DYN.MORT" 35.3 33.9 32.5 31.3 30.1 28.6 27 25.5 24.1 23 22.2 21.7 21.4 21.1 20.6 20 19.1 18 16.8 15.5 14.3 13.3 12.4 11.7 11.1 10.7 10.4 10.1 9.9 9.6 9.2 8.6 8.1 7.7 7.4 7.3 7.3 7.3 7.3 7.3 7.1 6.9 6.5 6.1 5.6 5.2 4.9 4.6 4.5 4.3 4.2 4.1 4 3.8 3.7 -8 53
"246" "Italy" "ITA" "Mortality rate, under-5 (per 1,000 live births)" "SH.DYN.MORT" 52 49.8 47.6 45.4 43.1 41.1 39.3 37.8 36.4 35.1 33.6 31.8 29.8 27.6 25.3 23.1 21.1 19.5 18.1 17 16.1 15.2 14.3 13.5 12.7 12 11.3 10.8 10.4 10 9.7 9.3 8.9 8.5 8 7.5 7 6.6 6.2 5.9 5.5 5.2 5 4.7 4.5 4.4 4.3 4.2 4.1 4.1 4 3.9 3.8 3.7 3.6 12.83333 42.83333
"249" "Jamaica" "JAM" "Mortality rate, under-5 (per 1,000 live births)" "SH.DYN.MORT" 84.4 80.8 77.5 74.5 71.8 69.2 66.8 64.5 62.3 60 57.8 55.5 53.3 51.2 49.3 47.6 46 44.5 43.1 41.9 40.7 39.5 38.4 37.3 36.3 35.3 34.3 33.3 32.4 31.5 30.6 29.6 28.7 27.8 26.9 26 25.1 24.3 23.4 22.7 22 21.4 20.9 20.4 20 19.7 19.5 19.2 18.9 18.5 18.1 17.6 17.2 16.7 16.2 -77.5 18.25
"252" "Japan" "JPN" "Mortality rate, under-5 (per 1,000 live births)" "SH.DYN.MORT" 39.7 36.2 32.8 29.7 27 24.6 22.6 21 19.6 18.5 17.5 16.5 15.7 14.9 14.1 13.3 12.5 11.8 11.1 10.5 9.9 9.3 8.8 8.3 7.9 7.5 7.1 6.8 6.6 6.4 6.3 6.2 6.1 6 5.9 5.7 5.5 5.2 5 4.7 4.5 4.3 4.1 4 3.9 3.7 3.6 3.5 3.4 3.3 3.2 3.4 3 2.9 2.8 139.75309 35.68536
"255" "Jordan" "JOR" "Mortality rate, under-5 (per 1,000 live births)" "SH.DYN.MORT" 156.4 147.3 138.8 131 123.8 117.1 110.9 105.1 99.7 94.7 90.1 85.7 81.6 77.7 74.1 70.6 67.3 64.2 61.3 58.5 55.9 53.4 51 48.7 46.6 44.6 42.7 40.9 39.3 37.9 36.6 35.4 34.3 33.3 32.4 31.5 30.7 29.9 29.1 28.4 27.7 26.9 26.2 25.5 24.8 24.1 23.4 22.7 22.1 21.5 20.8 20.2 19.6 19 18.5 36 31
"260" "Kenya" "KEN" "Mortality rate, under-5 (per 1,000 live births)" "SH.DYN.MORT" 199.2 190.6 183.1 176.7 171.2 166.6 162.6 159 155.5 152 148.3 144.7 141 137.2 133.1 129 124.8 120.5 116.3 112.4 108.7 105.3 102.3 99.8 97.9 96.8 96.3 96.7 97.9 99.8 102.3 105.2 108.2 111.1 113.4 114.8 115.4 114.9 113.4 111 107.9 104.1 99.9 95.4 90.6 85.5 80.7 76.1 70.1 65.8 62.1 58.5 55.6 53.4 51.3 38 1
"267" "Korea, Rep." "KOR" "Mortality rate, under-5 (per 1,000 live births)" "SH.DYN.MORT" 112.9 106.5 100.8 95.1 89.5 83.8 77.8 71.7 65.4 59 52.8 46.8 41.2 35.9 31.2 27.1 23.5 20.4 17.9 15.9 14.3 13.1 12.2 11.4 10.7 10 9.3 8.6 8 7.5 7.1 6.8 6.4 6.1 5.8 5.5 5.3 5.3 5.5 5.8 6.1 6.4 6.5 6.4 6 5.6 5.2 4.8 4.5 4.3 4.1 4 3.8 3.7 3.6 103.86056 13.36179
"270" "Kuwait" "KWT" "Mortality rate, under-5 (per 1,000 live births)" "SH.DYN.MORT" 146.9 136.6 126.9 117.9 109.1 101.1 93.7 87 81.1 75.8 70.9 66.5 62.3 58.4 54.8 51.4 48.2 45.1 42.1 39.1 36.1 33.2 30.2 27.4 25 23.1 21.7 20.6 19.6 18.8 17.9 19.9 16.3 15.7 15.2 14.7 14.2 13.8 13.3 12.9 12.7 12.5 12.3 12.1 11.9 11.7 11.6 11.5 11.3 11.1 10.8 10.3 9.9 9.4 9 47.75 29.5
"277" "Latin America & Caribbean (all income levels)" "LCN" "Mortality rate, under-5 (per 1,000 live births)" "SH.DYN.MORT" 168.912622397852 164.323495345908 160.016842511638 147.27913559028 143.617199221662 139.589831929465 136.101289421178 132.713412566354 129.28132316931 123.178978937166 119.90570549263 116.51690916815 113.071744587978 109.727459524308 106.388103146116 103.011478623072 99.553461637401 95.9484370319592 92.2981843465672 88.5155505816736 84.7496114758239 80.9671398411085 77.2989890400243 73.8049631741567 70.5306803298246 67.4505788000915 64.5426834338579 61.7563638058351 59.1469433330931 56.6671764213281 54.2525928461131 51.8772095996089 49.5144112224886 47.1758915962966 44.8383282681077 42.5313293082215 40.2709138156597 38.0685257239623 36.29887273126 34.1607001223587 32.0278942068932 30.2913665803098 28.6711156931293 27.2267151627408 25.9223944211062 24.6993167545417 23.6600483032035 22.7578489990877 21.9268274831754 21.1771188895686 23.6645943163129 19.8668561873523 19.3010543850789 18.7790512101583 18.3528821758256 -80.490408 36.522172
"280" "Latin America & Caribbean (developing only)" "LAC" "Mortality rate, under-5 (per 1,000 live births)" "SH.DYN.MORT" 176.8 172.2 167.8 152.5 148.6 144.4 140.9 137.6 134.2 130.8 127.2 123.5 119.6 115.9 112.3 108.9 105.5 102.2 98.8 95.1 91.4 87.5 83.6 79.7 76.1 72.8 69.6 66.5 63.7 61 58.4 55.9 53.3 50.8 48.2 45.7 43.2 40.7 38.8 36.1 34 32.1 30.3 28.7 27.3 26 24.9 24 23.1 22.3 25.7 20.9 20.3 19.7 19.2 -80.490408 36.522172
"287" "Lebanon" "LBN" "Mortality rate, under-5 (per 1,000 live births)" "SH.DYN.MORT" 77.4 75.1 72.9 70.9 69.1 67.6 66.3 65.2 64.2 63.4 62.7 61.9 61.2 60.5 59.6 58.6 57.4 56 54.5 52.9 51.2 49.4 47.5 45.6 43.6 41.6 39.6 37.7 35.9 34.1 32.5 31 29.6 28.3 27 25.8 24.6 23.5 22.3 21.2 20 18.8 17.6 16.4 15.2 14.1 13 12.1 11.3 10.7 10.1 9.7 9.3 8.9 8.6 35.83333 33.83333
"290" "Lesotho" "LSO" "Mortality rate, under-5 (per 1,000 live births)" "SH.DYN.MORT" 191.9 190.4 189.7 189.4 189.1 188.5 187.4 185.5 182.8 179.3 175.2 170.9 166.3 161.4 156.3 150.8 144.9 138.7 132.5 126.4 120.5 114.9 109.6 105 100.9 97.4 94.4 92.1 90.2 88.9 88.1 87.9 88.7 90.8 94.3 98.9 103.7 107.9 111.4 114.3 116.8 118.6 120.4 122 123 123.4 123.2 119.3 116.5 106.5 100.7 96.8 94.1 93.6 92 28.25 -29.5
"293" "Liberia" "LBR" "Mortality rate, under-5 (per 1,000 live births)" "SH.DYN.MORT" 316.3 316.4 315.4 314 311.7 308.8 305.6 301.4 296.8 291.6 286.3 281.2 276.2 271.3 266.1 261.2 256.8 252.3 248.4 244.6 241.1 238 235.6 234 233.7 235 237.8 242.1 246.9 251.5 255 256.7 255.4 251.6 245.5 237.4 227.7 217.1 205.8 193.9 181.8 169.7 157.6 145.9 134.8 124.7 115.7 107.8 100.9 94.7 89.3 84.5 80.3 76.3 72.9 -9.5 6.5
"296" "Libya" "LBY" "Mortality rate, under-5 (per 1,000 live births)" "SH.DYN.MORT" 281.5 263.4 246.7 230.7 215.2 200.6 186.6 173.2 160.5 148.7 137.8 127.6 118.3 109.9 102.3 95.5 89.4 84 79.1 74.8 70.8 67.2 63.7 60.5 57.3 54.4 51.6 48.9 46.3 43.9 41.6 39.5 37.6 35.9 34.4 33.1 31.9 30.8 29.9 29 28.1 27.3 26.5 25.5 24.4 23.1 21.7 20.2 18.8 17.6 16.6 17.6 15.1 14.5 13.9 17 28
"301" "Lower middle income" "LMC" "Mortality rate, under-5 (per 1,000 live births)" "SH.DYN.MORT" 241.4 236.2 231.2 227.8 224.7 220.3 216.2 212.2 207.8 204 200.2 193.8 189.7 185.5 181.2 176.5 172.1 167.7 163.5 158.8 154.6 150.4 146.4 142.6 138.9 135.4 132 128.7 125.6 122.5 119.5 116.7 114.1 111.5 108.9 106.3 103.8 101.2 98.5 95.6 92.6 89.5 86.3 83.2 80.6 77.1 74.3 71.6 69.4 66.4 63.9 61.4 59 56.8 54.7 NA NA
"306" "Low & middle income" "LMY" "Mortality rate, under-5 (per 1,000 live births)" "SH.DYN.MORT" 231.5 228.1 223.3 216.1 213.9 209.9 206.5 203.2 198.2 171.2 167.1 162.4 158.8 155.3 151.7 148.8 145.6 142.4 139.3 136.3 133 129.6 125.9 122.4 118.5 114.9 111.7 108.6 105.9 103.6 101.8 100.2 99.1 98.3 97.6 96.3 94.9 93.1 90.7 88 85.2 82.3 79.2 76.2 73.4 70.3 67.5 64.9 62.7 60 58 55.3 53 50.8 48.9 -112.94053 40.78549
"319" "Malaysia" "MYS" "Mortality rate, under-5 (per 1,000 live births)" "SH.DYN.MORT" 92.8 87.7 82.9 78.5 74.5 70.8 67.3 64.2 61.3 58.5 55.8 53.1 50.5 47.8 45.1 42.5 39.9 37.4 35 32.7 30.5 28.5 26.6 24.8 23.2 21.8 20.5 19.4 18.3 17.4 16.6 15.8 15.1 14.4 13.9 13.3 12.9 12.4 11.8 11 10.2 9.4 8.9 8.5 8.3 8.2 8.1 8 8 8 8 7.9 7.7 7.5 7.2 112.5 2.5
"326" "Malta" "MLT" "Mortality rate, under-5 (per 1,000 live births)" "SH.DYN.MORT" 40.7 39.1 37.7 36.5 35.4 34.3 33.1 31.8 30.5 29.2 27.8 26.5 25.1 23.9 22.6 21.4 20.3 19.3 18.4 17.6 16.9 16.3 15.7 15.1 14.5 13.9 13.3 12.7 12.2 11.7 11.3 10.9 10.5 10.2 9.8 9.4 9.1 8.7 8.4 8.1 7.8 7.5 7.3 7.2 7 7 6.9 6.8 6.8 6.8 6.7 6.7 6.7 6.6 6.5 14.43333 35.91667
"329" "Marshall Islands" "MHL" "Mortality rate, under-5 (per 1,000 live births)" "SH.DYN.MORT" 129 123.7 118.6 114 109.4 105 101.1 97.3 93.7 90.5 87.5 84.7 82.4 80.4 78.7 77.3 76 74.7 73.5 72.1 70.5 68.8 66.9 64.9 62.8 60.7 58.7 56.6 54.5 52.4 50.3 48.3 46.4 44.8 43.4 42.5 41.9 41.6 41.5 41.5 41.4 41.3 41.1 40.7 40.4 40.2 39.9 39.7 39.5 39.3 39.1 38.8 38.3 37.8 37 171.236 7.113
"330" "Mauritania" "MRT" "Mortality rate, under-5 (per 1,000 live births)" "SH.DYN.MORT" 255.9 249 242 235.2 228.5 222 215.5 208.8 202.6 197.5 193.9 191.5 190.2 189.3 188 185.5 182 178 173.4 168.6 164.1 159.5 154.9 150 144.8 139.2 133.7 128.6 124.3 120.7 118.1 116.2 114.9 114.3 113.9 113.8 113.9 113.9 113.9 113.6 113.5 113.1 112.9 112.4 111.4 109.8 107.9 105.5 103 100.4 97.8 95.4 92.7 90.2 87.5 -12 20
"333" "Mauritius" "MUS" "Mortality rate, under-5 (per 1,000 live births)" "SH.DYN.MORT" 102.1 98.6 93.4 87 83.6 86.4 92.7 96.1 92.7 86.9 82.9 81 79.4 76.9 72.3 65.2 57.4 50.8 46.2 42.9 40.3 37.7 34.7 31.3 28.9 28.4 29 28.8 27.1 24.9 23.1 21.8 21.2 21.2 21.6 22.2 22.7 22.6 21.6 20.2 18.6 17.1 16.1 15.6 15.6 15.7 15.9 16 15.8 15.5 15.2 14.9 14.6 14.3 13.9 57.58333 -20.3
"342" "Middle East & North Africa (developing only)" "MNA" "Mortality rate, under-5 (per 1,000 live births)" "SH.DYN.MORT" 259.5 252.3 245.7 248.9 240.9 233.8 227.4 221.6 216.3 211.1 205.8 197.3 190.9 184.1 177 168.8 161.1 153.1 145 136.8 128.5 120.2 111.8 103.8 96.3 89.7 83.9 79 74.9 71.4 68.4 65.8 63.3 61 58.7 56.5 54.2 51.9 49.5 47.3 45.2 43.2 41.4 39.7 38.1 36.5 34.9 33.4 31.9 30.5 29.3 28.2 27.3 26.4 25.4 35.85869 33.13906
"345" "Middle income" "MIC" "Mortality rate, under-5 (per 1,000 live births)" "SH.DYN.MORT" 224.9 219.8 215.1 206.9 204.8 200.4 196.5 192.7 188 161.5 157.3 152.6 148.6 144.9 141.1 137.5 134.1 130.8 127.7 124.3 121.1 117.7 114.1 110.5 106.7 103.4 100.2 97.2 94.5 92.2 90.2 88.6 87.3 86.3 85.3 84 82.6 80.7 78.4 75.8 73.3 70.7 68.1 65.5 63.2 60.5 58.1 56 54.3 52 49.9 48 46 44.1 42.3 NA NA
"354" "Morocco" "MAR" "Mortality rate, under-5 (per 1,000 live births)" "SH.DYN.MORT" 239.4 234.5 229.6 224.5 219.3 214.1 208.7 203.4 198.1 193.2 188.7 184.4 180.4 176.1 171.4 166.2 160.4 154.1 147.4 140.6 133.8 127.2 120.8 114.6 108.6 103 97.7 92.7 88.1 84 80.1 76.5 73 69.7 66.4 63.3 60.3 57.5 54.8 52.3 50 47.9 45.8 43.9 42.1 40.4 38.8 37.3 35.8 34.5 33.1 31.9 30.7 29.7 28.6 -5 32
"363" "Nepal" "NPL" "Mortality rate, under-5 (per 1,000 live births)" "SH.DYN.MORT" 327.1 323 318.1 312.6 306.5 300 293.1 286.3 279.8 273.6 267.6 261.8 256.2 250.8 245.3 239.8 234.2 228.3 222.2 215.8 209.4 202.9 196.3 189.8 183.2 176.5 169.5 162.3 155.1 147.9 140.7 133.6 126.7 120 113.7 107.7 101.8 96.3 90.8 85.6 80.6 75.9 71.5 67.4 63.5 60 56.6 53.6 50.7 48 45.4 43.1 40.9 39 37.4 84 28
"366" "Netherlands" "NLD" "Mortality rate, under-5 (per 1,000 live births)" "SH.DYN.MORT" 20.8 20.3 19.7 19.3 18.8 18.3 17.9 17.4 16.9 16.4 15.8 15.3 14.7 14.1 13.6 13.1 12.6 12.1 11.6 11.2 10.9 10.6 10.4 10.2 9.9 9.7 9.5 9.2 8.9 8.6 8.3 8 7.7 7.4 7.1 6.9 6.7 6.5 6.4 6.3 6.2 6.1 5.9 5.7 5.6 5.4 5.2 5 4.8 4.6 4.4 4.3 4.2 4 3.9 5.75 52.5
"371" "New Zealand" "NZL" "Mortality rate, under-5 (per 1,000 live births)" "SH.DYN.MORT" 27.9 26.8 25.8 24.7 23.8 23.1 22.5 22 21.6 21.2 20.8 20.3 19.9 19.4 18.9 18.3 17.7 17.1 16.6 16.1 15.6 15.2 14.8 14.5 14.2 13.8 13.4 12.9 12.4 11.8 11.2 10.6 10 9.5 9.1 8.7 8.4 8.1 7.8 7.6 7.4 7.2 7 6.9 6.7 6.6 6.5 6.4 6.4 6.3 6.2 6.1 6 5.9 5.8 174 -42
"374" "Nicaragua" "NIC" "Mortality rate, under-5 (per 1,000 live births)" "SH.DYN.MORT" 199.3 197 194.8 192.5 190 187.6 184.9 182 178.8 175.2 171.4 167.2 162.4 157.1 151.1 144.7 137.8 130.5 123.2 116 109.1 102.7 96.8 91.5 86.8 82.7 78.9 75.6 72.6 69.7 66.9 64 61.2 58.3 55.5 52.7 50 47.4 50.3 42.5 40.3 38.3 36.4 34.7 33.2 31.7 30.4 29.2 28.1 27.1 26.1 25.2 24.4 23.5 22.8 -85 13
"381" "North America" "NAC" "Mortality rate, under-5 (per 1,000 live births)" "SH.DYN.MORT" 30.3423813379246 29.7045976807216 29.0561992579914 28.4072489035468 27.7485274280304 27.1 26.3618008160034 25.6337423209229 24.8060340040437 23.9971179571334 23.1785456823595 22.2688357133832 21.3492525657163 20.448185036129 19.5374880170785 18.626819545575 17.7164732374468 16.9066624704622 16.0975373001539 15.3795963619613 14.762590428127 14.155856905201 13.6495262678363 13.1433075965317 12.7370088378157 12.4303716850107 12.1320946218376 11.9242842998606 11.6249018978946 11.3340510564464 10.9431735956796 10.6437838716941 10.2538205707079 9.86452637414318 9.57586085281771 9.27926502457502 8.99171958270803 8.70422004218331 8.51636992683276 8.42005759780809 8.23076942582189 8.14032363751756 8.048774895486 7.94870365569387 7.94774876659395 7.85366206812981 7.75125626326403 7.64836523712767 7.54523235263495 7.35036817106091 7.24756472984833 7.04521576949474 6.94344793049609 6.75110068426821 6.55072198826404 -81.10204 33.61571
"384" "Norway" "NOR" "Mortality rate, under-5 (per 1,000 live births)" "SH.DYN.MORT" 22.6 22.1 21.5 21 20.4 19.7 19 18.2 17.5 16.9 16.2 15.6 15 14.3 13.6 12.9 12.2 11.5 10.9 10.4 10.1 9.9 9.9 10 10.1 10.2 10.3 10.1 9.8 9.3 8.7 7.9 7.2 6.6 6.1 5.7 5.4 5.2 5.1 5 4.9 4.7 4.5 4.4 4.2 4 3.9 3.7 3.5 3.4 3.2 3.1 3 2.8 2.7 10 62
"387" "OECD members" "OED" "Mortality rate, under-5 (per 1,000 live births)" "SH.DYN.MORT" 63.4826900137016 60.9156939707766 58.5661453457506 64.5297582326511 62.5517336042355 60.6672066403317 58.9433011480893 57.360837265784 53.8917429222636 52.5475906880775 51.1778448015137 49.720884177317 48.1844692197112 46.6492285061186 45.0314397912781 43.4724366288878 41.8337147088351 40.1301257896854 38.365200671968 36.603035515906 34.8761471014708 32.9554214731067 31.3268079093733 29.7948416864561 28.3883313999283 27.0803692894291 25.8505520420326 24.7084433260847 23.5805161518161 22.4869371240239 21.3998005373637 20.3571038044563 19.3475157556793 18.3779418965434 17.4777092862115 16.5855537566191 15.7560524162514 14.9608833504476 14.2305854152024 13.5519733187192 12.8805253850274 12.2599059591644 11.653454169073 11.1083339804698 10.6181498460489 10.1540466087803 9.75723608667523 9.40045355022646 9.06772809823316 8.73094540562212 8.42168284289299 8.09825393799798 7.78146073445139 7.46646122981121 7.15804586623151 NA NA
"394" "Pacific island small states" "PSS" "Mortality rate, under-5 (per 1,000 live births)" "SH.DYN.MORT" 104.928656439584 100.828308150183 97.1715154950869 98.1157426054122 94.4371964956195 91.1413671753348 87.9642529448233 84.8950274369567 81.9775642594859 79.2153016392449 76.5047700221305 73.8576029411765 71.3578584611835 68.9397855832981 66.5603119058772 64.1922493749496 61.7398898793917 59.252893471142 56.7723587192882 54.2752611620795 51.9161236103441 50.2412257437122 48.3730748260746 46.7607813511763 44.6104660936008 43.20569548014 41.8828923660503 40.6756265486391 39.4391246134118 38.3404111004641 37.2308693943986 36.1883143974669 35.2430873952074 34.366829322391 33.6396803450946 33.0380876156832 32.4956596839397 32.5051788074607 31.5207428466618 31.0382728038993 30.5478544110381 30.1119995616598 29.735452955324 29.5229560319767 29.4535482702409 29.3956628507457 29.4436993553499 29.4388258971088 29.3789424561152 29.7348126480511 29.0095800100596 28.6745593662796 28.320634662621 27.8357984625426 27.2706079420279 NA NA
"397" "Pakistan" "PAK" "Mortality rate, under-5 (per 1,000 live births)" "SH.DYN.MORT" 261.9 251.6 241.9 232.7 224.3 216.7 209.8 203.8 198.3 193.3 188.8 184.7 181 177.7 174.6 172 169.6 167.3 165.3 163.4 161.5 159.6 157.7 155.6 153.4 151.1 148.7 146.2 143.6 141.1 138.6 136 133.5 131 128.3 125.7 123 120.3 117.6 114.9 112.3 109.8 107.5 105.3 103.2 101.2 99.3 97.4 95.5 93.7 91.8 89.9 87.8 85.6 83.3 70 30
"400" "Panama" "PAN" "Mortality rate, under-5 (per 1,000 live births)" "SH.DYN.MORT" 92.1 89.5 86.8 84.2 81.8 79.6 77.4 75.2 72.9 70.5 67.7 64.7 61.6 58.6 55.7 53.3 51.2 49.3 47.7 46.1 44.6 43 41.4 39.8 38.2 36.7 35.4 34.1 32.9 31.9 30.9 30.1 29.4 28.9 28.4 28.1 27.7 27.4 27 26.5 26 25.4 24.8 24.1 23.5 22.9 22.3 21.7 21 20.5 19.8 19.2 18.7 18.1 17.6 -80 9
"403" "Papua New Guinea" "PNG" "Mortality rate, under-5 (per 1,000 live births)" "SH.DYN.MORT" 200.2 194 188 182.1 176.3 170.6 165 159.7 154.4 149.3 144.4 139.8 135.4 131.2 127.2 123.5 119.9 116.6 113.6 110.7 108.1 105.6 103.2 101.1 99 97.2 95.5 93.9 92.4 90.9 89.4 88 86.6 85.3 84.1 83 82 81 80.2 79.3 78.5 77.7 77 76.1 75.2 74.2 72.9 71.5 69.7 67.9 66.1 64.3 62.5 60.9 59.1 147 -6
"406" "Paraguay" "PRY" "Mortality rate, under-5 (per 1,000 live births)" "SH.DYN.MORT" 85.3 84.3 83.4 82.7 82 81.3 80.6 80.1 79.4 78.7 78 77.1 76.1 75.1 73.8 72.5 71.1 69.6 68 66.4 64.7 62.9 61 59.1 57.2 55.3 53.5 51.7 49.9 48.2 46.5 44.9 43.3 41.9 40.5 39.2 37.9 36.8 35.7 34.6 33.5 32.5 31.5 30.4 29.4 28.4 27.5 26.6 25.7 24.9 24.1 23.3 22.6 21.9 21.2 -57.99639 -22.99333
"409" "Peru" "PER" "Mortality rate, under-5 (per 1,000 live births)" "SH.DYN.MORT" 227.4 220.7 213.8 206.6 199.4 192.3 185.6 179.5 173.9 168.8 163.8 159 154.2 149.5 144.9 140.5 136.7 133.3 130.4 127.7 124.9 121.8 118.3 114.1 109.3 104.2 98.8 93.5 88.6 84 79.7 75.4 71 66.5 62 57.5 53.2 49.1 45.3 41.8 38.6 35.8 33.3 31.1 29.1 27.4 25.9 24.5 23.2 22.1 21 20 19.1 18.3 17.5 -76 -10
"412" "Philippines" "PHL" "Mortality rate, under-5 (per 1,000 live births)" "SH.DYN.MORT" 106 102.4 99.5 96.8 94.6 92.4 90.4 88.5 86.7 85.2 84 83.1 82.6 82.3 82.1 82.1 82 81.8 81.5 80.9 80.1 79.3 78.4 77.3 75.9 74 71.6 68.6 65.2 61.7 58.2 54.9 52.1 49.5 47.4 45.6 44 42.7 41.6 40.6 39.7 38.9 38.1 37.3 36.5 35.7 34.9 34.2 33.4 32.6 31.9 31.2 30.4 29.6 28.8 122 13
"415" "Poland" "POL" "Mortality rate, under-5 (per 1,000 live births)" "SH.DYN.MORT" 64.7 59.4 55.6 52.5 49.3 45.9 42.6 40.2 38.8 37.7 36.3 34.5 32.5 30.4 28.7 27.7 27.1 26.4 25.5 24.6 23.9 23.3 22.7 22 21.2 20.3 19.5 18.9 18.4 17.9 17.3 16.8 16.4 16 15.5 14.5 13.3 12 10.8 9.9 9.3 8.8 8.4 8.1 7.8 7.6 7.3 7 6.7 6.2 5.8 5.5 5.3 5.2 5.2 20 52
"418" "Portugal" "PRT" "Mortality rate, under-5 (per 1,000 live births)" "SH.DYN.MORT" 114.6 110.3 104.3 97.6 91 85.2 80.8 77.7 75.1 72 68.2 63.4 58 52.6 47.8 43.5 39.5 35.6 32.3 29.7 27.6 25.8 24.2 22.8 21.6 20.4 19.3 18.2 17 15.9 14.7 13.6 12.5 11.4 10.5 9.7 9.1 8.6 8.2 7.7 7.2 6.7 6.1 5.6 5.1 4.7 4.4 4.2 4.1 4 3.9 3.8 3.8 3.8 3.7 -8.13057 39.6945
"429" "Rwanda" "RWA" "Mortality rate, under-5 (per 1,000 live births)" "SH.DYN.MORT" 216 211.3 207.9 206 205.3 205.7 207.1 209 211.7 215 218.7 222.6 227 232.4 238.8 244.9 249.4 250.4 245.2 233.6 218.2 201.6 186.5 174.4 166 160.1 155.3 151.6 149.4 149.3 151.8 157.3 165.9 185.4 299.6 268.3 203.3 223 234 200.6 183.8 170.2 154.7 139.4 124.4 110.7 98.6 87.8 78.3 70.6 64.1 57.7 52.1 47.8 44.3 30 -2
"438" "Senegal" "SEN" "Mortality rate, under-5 (per 1,000 live births)" "SH.DYN.MORT" 303.3 302.5 302.4 302.3 302.2 301.6 300.4 299 297 294.4 290.5 285.4 278.9 271.1 262.2 252.4 241.8 231.3 221.6 212.8 205.2 198.6 192.5 186.5 179.9 172.6 164.5 156.6 149.6 144.1 140.4 138.7 138.5 139.3 140.6 142.1 143.2 143.4 142.4 139.7 134.9 128.4 120.7 112.5 104.2 96.2 88.8 82 75.8 70.1 64.8 60 55.9 52.5 49.7 -14 14
"441" "Seychelles" "SYC" "Mortality rate, under-5 (per 1,000 live births)" "SH.DYN.MORT" 102.6 100.5 98.4 96.1 93.4 90.6 87.5 84 80.1 76.1 71.9 67.7 63.4 59.2 54.8 50.4 45.8 41.5 37.4 33.6 30.4 27.6 25.3 23.4 21.8 20.5 19.5 18.6 17.8 17.1 16.5 16 15.5 15.1 14.7 14.5 14.3 14.2 14.2 14.2 14.3 14.3 14.3 14.3 14.3 14.2 14.2 14.2 14.2 14.2 14.2 14.2 14.2 14 13.8 55.66667 -4.58333
"444" "Sierra Leone" "SLE" "Mortality rate, under-5 (per 1,000 live births)" "SH.DYN.MORT" 396 390.3 384.7 378.7 372.6 366.2 359.8 353.4 346.6 340.5 334.6 329 323.6 318.4 313.4 308.7 304.2 299.8 295.7 291.5 287.6 284 280.9 277.9 275.2 272.8 270.5 268.2 266.7 265.2 264.3 263.4 262.6 261.5 259.9 257.5 254.4 250.5 246 241.1 235.8 229.9 223.9 217.4 210.8 203.7 196.2 188 179.1 169.9 160.2 150.6 141.6 133.4 126.4 -11.5 8.5
"447" "Singapore" "SGP" "Mortality rate, under-5 (per 1,000 live births)" "SH.DYN.MORT" 47.8 43.8 40.5 38.2 36.5 35 33.6 32 30.3 28.7 27.4 26.1 24.3 22 19.7 17.6 16 15.2 15.1 15.2 14.8 14.1 13.2 12.3 11.6 10.9 10.4 9.8 9.2 8.4 7.7 6.9 6.3 5.8 5.4 5.2 5 4.8 4.6 4.3 4 3.7 3.4 3.2 3 2.9 2.9 2.9 2.8 2.8 2.8 2.8 2.8 2.8 2.8 103.8 1.36667
"456" "Solomon Islands" "SLB" "Mortality rate, under-5 (per 1,000 live births)" "SH.DYN.MORT" 195.9 185.6 175.9 166.7 157.9 149.7 141.4 132.8 124.1 115.6 107.2 99.2 91.9 85.2 79.1 73.5 68.4 63.9 59.9 56.4 53.5 51.1 49 47.3 45.8 44.5 43.3 42.3 41.4 40.6 39.7 38.9 37.9 37 36.2 35.4 34.8 34.3 33.9 33.5 33.1 32.9 32.8 32.9 33.1 33.2 33.4 33.3 33.1 32.6 32.1 31.4 30.7 29.9 28.9 159 -8
"463" "South Asia" "SAS" "Mortality rate, under-5 (per 1,000 live births)" "SH.DYN.MORT" 249.8 247.1 242.5 238.2 234.1 230.3 226.6 223.1 219.7 216.4 213.2 210 206.4 202.9 198.9 194.8 190.5 185.8 181 176.1 171.3 166.5 161.9 157.6 153.2 149.1 145 141 137.1 133.1 129.3 125.5 121.9 118.3 114.8 111.2 107.7 104.2 100.6 97.1 93.6 90.1 86.8 83.5 80.4 77.3 74.4 71.7 69.1 66.5 64 61.6 59.1 56.8 54.6 122.6 9.56667
"468" "Spain" "ESP" "Mortality rate, under-5 (per 1,000 live births)" "SH.DYN.MORT" 55.6 51.6 48.2 45.3 42.9 40.8 38.8 36.7 34.4 31.8 29.2 26.6 24.4 23.1 23 23.5 23.6 22.8 21.3 19.5 17.8 16.4 15.4 14.7 14 13.4 12.8 12.3 11.9 11.5 11 10.5 10.1 9.5 8.9 8.3 7.7 7.3 7 6.7 6.5 6.3 6.2 6.1 5.9 5.7 5.5 5.2 5 4.8 4.6 4.5 4.4 4.3 4.2 -4 40
"471" "Sri Lanka" "LKA" "Mortality rate, under-5 (per 1,000 live births)" "SH.DYN.MORT" 101.1 96.6 92.3 88.4 84.9 81.8 78.9 76.5 74.4 72.6 71.1 69.7 68.5 67.1 65.5 63.6 61.4 58.9 56.1 53.1 49.8 46.2 42.3 38.3 34.2 30.3 26.9 24.2 22.5 21.5 21.2 21.3 21.3 21.1 20.7 20.2 19.5 18.7 17.9 17 16.3 15.8 15.4 15.1 28.9 14 13.2 12.5 11.8 11.3 10.9 10.6 10.4 10.2 10 81 7
"482" "Sudan" "SDN" "Mortality rate, under-5 (per 1,000 live births)" "SH.DYN.MORT" 178.4 175.2 172.2 169.3 166.5 164 161.7 159.6 157.7 156 154.6 153.3 152.1 150.8 149.6 148.3 147 145.6 144.3 143.2 142.1 140.9 139.9 138.8 137.5 136 134.5 132.8 131.1 129.3 127.5 125.7 123.9 122.1 120.2 118.2 116.1 113.9 111.4 108.8 105.9 103.1 100.2 97.3 94.5 91.9 89.3 87 84.7 82.4 80.2 78.2 76.3 74.2 72.2 30 16
"487" "Swaziland" "SWZ" "Mortality rate, under-5 (per 1,000 live births)" "SH.DYN.MORT" 211.7 209 205.8 202.4 198.8 195 191.2 187.3 183.5 179.7 175.8 171.3 166.1 160 153.6 146.8 140.7 134.6 129.1 124 118.7 113.1 107.2 101.1 95.1 89.5 84.4 80.3 77.2 75.2 74.7 75.8 78.8 83.7 89.9 96.9 104.3 111.3 117.7 123.3 128.3 131.6 133.1 133.7 132.7 130.2 122.7 117.2 113.8 104.2 88.4 79.1 72.6 67.6 62.6 31.5 -26.5
"490" "Sweden" "SWE" "Mortality rate, under-5 (per 1,000 live births)" "SH.DYN.MORT" 19.6 19.2 18.6 17.9 17.1 16.3 15.5 14.9 14.4 13.9 13.4 12.9 12.3 11.6 10.9 10.3 9.8 9.4 9 8.7 8.5 8.2 8 7.8 7.7 7.6 7.5 7.4 7.3 7.2 6.9 6.6 6.1 5.7 5.2 4.8 4.5 4.3 4.2 4.1 4.1 4.1 4 3.9 3.7 3.6 3.4 3.3 3.2 3.1 3.1 3 3 3 3 15 62
"493" "Switzerland" "CHE" "Mortality rate, under-5 (per 1,000 live births)" "SH.DYN.MORT" 26.5 26 25.4 24.6 23.6 22.6 21.6 20.7 19.9 19.2 18.4 17.6 16.7 15.8 14.8 13.8 12.9 12.1 11.4 10.8 10.4 10 9.7 9.4 9.2 9 8.9 8.8 8.6 8.4 8.2 7.9 7.5 7.1 6.7 6.4 6.1 6 5.8 5.7 5.6 5.6 5.5 5.3 5.2 5.1 5 4.8 4.7 4.6 4.5 4.4 4.3 4.2 4 8.01427 47.00016
"496" "Syrian Arab Republic" "SYR" "Mortality rate, under-5 (per 1,000 live births)" "SH.DYN.MORT" 179.9 170.4 161.6 153.3 145.6 138.2 131.2 124.4 117.7 111.3 105.2 99.6 94.1 89.1 84.3 79.8 75.6 71.6 67.8 64.2 60.8 57.7 54.7 52 49.4 47 44.8 42.7 40.7 38.9 37.2 35.5 33.9 32.4 30.9 29.5 28.1 26.8 25.6 24.4 23.4 22.3 21.4 20.5 19.6 18.8 18 17.3 16.5 15.9 15.3 15 16 15.3 14.3 38 35
"501" "Tanzania" "TZA" "Mortality rate, under-5 (per 1,000 live births)" "SH.DYN.MORT" 244.1 242 240 237.8 235.2 232.4 229.1 225.9 222.3 218.9 215.5 212.3 208.9 205.5 201.9 198.3 194.5 190.5 186.7 183.4 181.1 179.7 178.7 178.3 177.5 176.3 174.5 172.1 169.4 167.1 165.2 163.9 162.6 161.5 159.9 157.6 154.3 149.9 144.5 137.9 130.6 122.6 114.7 106.9 99.4 92.4 85.8 79.5 73.7 68.6 63.4 58.9 55.7 53.3 50.5 35 -6
"504" "Thailand" "THA" "Mortality rate, under-5 (per 1,000 live births)" "SH.DYN.MORT" 147.9 142.7 137.7 132.8 128 123.3 118.6 113.9 109.2 104.5 99.7 94.9 90.2 85.7 81.4 77.4 73.7 70.1 66.8 63.8 60.9 58.2 55.6 53.1 50.7 48.3 46 43.7 41.5 39.2 37 35 33.1 31.3 29.7 28.3 27 25.8 24.6 23.5 22.5 21.5 20.5 19.6 18.7 17.8 17 16.3 15.6 15 14.5 14 13.5 13.1 12.6 100 15
"509" "Togo" "TGO" "Mortality rate, under-5 (per 1,000 live births)" "SH.DYN.MORT" 274.2 269.2 264.3 259.4 254.6 249.8 244.9 239.9 234.9 229.8 224.7 219.8 214.7 209.7 204.9 200.2 195.4 190.7 186.3 181.8 177.5 173.4 169.5 165.7 162.3 159 156.1 153.3 150.8 148.5 146.2 144.1 142.1 140 137.7 135.4 132.7 129.9 127 123.9 120.8 117.6 114.4 111.2 108.1 105.1 102.1 99.2 96.4 93.6 90.9 88.3 85.8 83.3 80.8 1.16667 8
"514" "Trinidad and Tobago" "TTO" "Mortality rate, under-5 (per 1,000 live births)" "SH.DYN.MORT" 68.5 66 63.7 61.6 59.7 58 56.6 55.2 53.9 52.8 51.6 50.6 49.5 48.3 47.2 46 44.7 43.4 42 40.7 39.5 38.3 37 35.9 34.9 34 33.1 32.3 31.6 31 30.5 30 29.7 29.4 29.2 29 28.9 28.8 28.8 28.7 28.7 28.6 28.3 28 27.5 26.9 26.3 25.6 24.9 24.3 23.6 22.9 22.2 21.5 20.9 -61 11
"519" "Turkey" "TUR" "Mortality rate, under-5 (per 1,000 live births)" "SH.DYN.MORT" 249 242.3 235.5 228.7 221.9 215.4 209.3 203.4 197.8 192.3 186.9 181.5 175.9 170.3 164.5 158.6 152.7 146.7 140.7 134.7 128.7 122.7 116.7 110.7 104.9 99.3 93.9 88.7 83.7 79 74.5 70.3 66.3 62.4 58.8 55.2 51.8 48.6 45.4 42.4 39.6 36.9 34.4 32 29.7 27.7 25.7 23.9 22.2 20.6 19.1 17.8 16.5 15.4 14.3 34.91155 39.05901
"524" "Uganda" "UGA" "Mortality rate, under-5 (per 1,000 live births)" "SH.DYN.MORT" 223.8 219.1 214.9 210.8 207 203.2 199.8 196.5 193.4 191 189.5 189.1 189.9 191.9 194.9 198.7 203.2 207.7 211.8 214.6 215.6 214.4 210.4 205 199.8 195.8 193.2 191.8 190.9 189.5 187.1 183.7 179.6 175.6 172.2 169.5 166.9 163.9 159.9 154.8 148.4 141 132.8 124.2 115.6 107.4 99.7 92.5 85.9 80.1 75.2 69.8 64.1 60.3 56.9 33 2
"529" "United Arab Emirates" "ARE" "Mortality rate, under-5 (per 1,000 live births)" "SH.DYN.MORT" 204.6 193.8 183.3 172.7 162.2 151.3 140.4 129.4 118.6 108.2 98.4 89.1 80.6 72.8 65.8 59.4 53.5 48.2 43.4 39 35.2 31.9 29 26.5 24.4 22.7 21.1 19.7 18.5 17.4 16.5 15.6 14.8 14.2 13.6 13 12.6 12.2 11.8 11.5 11.1 10.9 10.6 10.3 10.1 9.8 9.6 9.4 9.1 8.8 8.5 8.2 7.8 7.4 7.1 54 24
"532" "United Kingdom" "GBR" "Mortality rate, under-5 (per 1,000 live births)" "SH.DYN.MORT" 26.6 26.1 25.6 24.9 24.2 23.4 22.8 22.2 21.8 21.4 21 20.6 20.1 19.4 18.7 18 17.2 16.5 15.7 14.9 14.1 13.4 12.7 12.2 11.7 11.4 11.1 10.8 10.4 9.9 9.3 8.7 8.2 7.8 7.4 7.2 7 6.9 6.8 6.7 6.6 6.4 6.3 6.3 6.1 6 5.9 5.8 5.6 5.4 5.2 5 4.8 4.6 4.4 -2.69531 54.75844
"535" "United States" "USA" "Mortality rate, under-5 (per 1,000 live births)" "SH.DYN.MORT" 30.1 29.5 28.9 28.3 27.7 27.1 26.4 25.7 24.9 24.1 23.3 22.4 21.5 20.6 19.7 18.8 17.9 17.1 16.3 15.6 15 14.4 13.9 13.4 13 12.7 12.4 12.2 11.9 11.6 11.2 10.9 10.5 10.1 9.8 9.5 9.2 8.9 8.7 8.6 8.4 8.3 8.2 8.1 8.1 8 7.9 7.8 7.7 7.5 7.4 7.2 7.1 6.9 6.7 -98.5 39.76
"540" "Uruguay" "URY" "Mortality rate, under-5 (per 1,000 live births)" "SH.DYN.MORT" 64 62.6 61 59.6 58.6 58 57.6 57.1 56.3 55.4 54.3 53.5 53.5 54.3 55.2 55.4 54.5 52.2 48.6 44.4 40 36.1 33.2 31.2 29.8 28.6 27.5 26.3 25.1 24 23.1 22.3 21.8 21.5 21.1 20.6 20 19.2 18.3 17.5 16.8 16.2 15.8 15.3 14.8 14.3 13.8 13.3 13 12.7 12.3 12 11.6 11.1 10.6 -56 -33
"545" "Vanuatu" "VUT" "Mortality rate, under-5 (per 1,000 live births)" "SH.DYN.MORT" 155.2 151 147 142.4 137.7 132.9 128.1 123 118.1 113.2 108.6 104.2 99.9 95.9 92.1 88.5 84.8 81.1 77.1 73 68.7 64.3 59.9 55.6 51.5 47.8 44.6 41.7 39.3 37.3 35.6 34.1 32.9 31.9 31 30.4 29.9 34.1 29.1 28.8 28.5 28.2 27.9 27.9 27.9 27.9 28 28.2 28.2 28.4 28.5 28.6 28.6 28.4 28.1 167 -16
"548" "Venezuela, RB" "VEN" "Mortality rate, under-5 (per 1,000 live births)" "SH.DYN.MORT" 81.1 78.3 75.9 73.8 72 70.4 68.9 67.5 66 64.3 62.6 60.6 58.8 56.8 55 53.2 51.4 49.6 47.7 45.8 43.9 42.1 40.3 38.8 37.4 36.1 34.8 33.5 32.1 30.8 29.6 28.6 27.8 27.3 26.8 26.3 25.5 24.5 23.5 27.7 21.7 21 20.4 19.8 19.2 18.5 17.9 17.4 17.1 16.8 16.6 16.4 16.1 15.7 15.3 -66 8
"555" "World" "WLD" "Mortality rate, under-5 (per 1,000 live births)" "SH.DYN.MORT" 182.7 180.4 177.1 174.1 175.2 172.8 171.2 168.9 163.7 149.8 144.9 141.4 138.3 135.1 132 129.4 126.6 123.9 121.4 119 116.4 113.3 110.3 107.3 104.1 101.2 98.6 96.2 94 92.1 90.6 89.2 88.2 87.3 86.5 85.3 84 82.5 80.6 78.3 75.9 73.4 70.7 67.9 65.5 62.6 60.1 57.8 55.8 53.5 51.7 49.4 47.4 45.6 43.9 0 0
"560" "Zambia" "ZMB" "Mortality rate, under-5 (per 1,000 live births)" "SH.DYN.MORT" 207.3 203 199 195.4 192.3 190.3 189 188.2 187.1 185 181.6 176.7 171.1 165.4 160.7 157.2 155.4 155 155.4 156 156.8 158.5 160.9 164.5 169.2 174.7 180.1 184.7 188 190 190.6 190.3 189.4 187.5 184.5 181.1 178.1 175.7 172.9 169.1 163.1 154.2 142.9 131.2 120.6 111.7 104.5 98 93.1 87.4 82.1 78.6 74.4 70.2 66.6 30 -15
"563" "Zimbabwe" "ZWE" "Mortality rate, under-5 (per 1,000 live births)" "SH.DYN.MORT" 150.7 146.1 141.6 137.2 132.8 128.6 124.7 121.1 118.1 115.8 114 112.6 111.7 111.1 110.7 110.4 110 109.4 108.4 106.4 103.4 99.4 94.7 89.8 84.9 80.6 77.1 74.6 73.5 73.9 75.8 78.8 82.7 87 91.2 95.5 99.2 102 103.9 105.2 105.8 105.6 105.1 104 103 101.9 100 98 95.4 92.9 89.5 85.6 78.5 74.5 72.3 29 -19
